% -------------------------------------------------------------------
%  Generated by MATLAB on 12-Mar-2019 11:41:18
%  MATLAB version: 9.4.0.949201 (R2018a) Update 6
% -------------------------------------------------------------------

t = [0; 0.1; 0.2; 0.3; 0.4; 0.5; 0.6; 0.7; 0.8; 0.9; 1; 1.1; 1.2; 1.3; 1.4; ...
     1.5; 1.6; 1.7; 1.8; 1.9; 2; 2.1; 2.2; 2.3; 2.4; 2.5; 2.6; 2.7; 2.8; ...
     2.9; 3; 3.1; 3.2; 3.3; 3.4; 3.5; 3.6; 3.7; 3.8; 3.9; 4; 4.1; 4.2; ...
     4.3; 4.4; 4.5; 4.6; 4.7; 4.8; 4.9; 5; 5.1; 5.2; 5.3; 5.4; 5.5; 5.6; ...
     5.7; 5.8; 5.9; 6; 6.1; 6.2; 6.3; 6.4; 6.5; 6.6; 6.7; 6.8; 6.9; 7; ...
     7.1; 7.2; 7.3; 7.4; 7.5; 7.6; 7.7; 7.8; 7.9; 8; 8.1; 8.2; 8.3; 8.4; ...
     8.5; 8.6; 8.7; 8.8; 8.9; 9; 9.1; 9.2; 9.3; 9.4; 9.5; 9.6; 9.7; 9.8; ...
     9.9; 10; 10.1; 10.2; 10.3; 10.4; 10.5; 10.6; 10.7; 10.8];

u = [0; 0; 0; 0; 0; 0; 0; 0; 0; 0; 0; 0; 0; 0; 0; 0; 0; 0; 0; 0; 0; 0; ...
     0; 0; 0; 0; 0; 0; 0; 0; 0; 0; 80; 80; 80; 80; 80; 80; 80; 80; 80; ...
     80; 80; 80; 80; 80; 80; 80; 80; 80; 80; 80; 80; 80; 80; 80; 80; 80; ...
     80; 80; 80; 80; 80; 80; 80; 80; 80; 80; 80; 80; 80; 80; 80; 80; 80; ...
     80; 80; 80; 80; 80; 80; 80; 80; 80; 80; 80; 80; 80; 80; 80; 80; 80; ...
     80; 80; 80; 80; 80; 80; 0; 0; 0; 0; 0; 0; 0; 0; 0; 0; 0];

z = [39; 39; 39; 39; 39; 39; 39; 38; 39; 39; 39; 39; 38; 39; 39; 39; 39; ...
     39; 39; 39; 39; 39; 39; 39; 38; 39; 39; 39; 39; 39; 39; 39; 41; 41; ...
     41; 41; 41; 41; 41; 43; 43; 44; 46; 46; 46; 46; 49; 49; 51; 51; 51; ...
     54; 54; 56; 56; 58; 58; 61; 63; 63; 66; 68; 68; 71; 73; 73; 76; 78; ...
     81; 81; 83; 86; 88; 91; 91; 96; 98; 101; 103; 106; 108; 111; 113; ...
     115; 118; 121; 123; 126; 128; 130; 133; 135; 138; 140; 143; 145; 150; ...
     153; 155; 158; 160; 163; 165; 168; 170; 173; 173; 175; 178];

