% -------------------------------------------------------------------
%  Generated by MATLAB on 12-Mar-2019 17:11:10
%  MATLAB version: 9.4.0.949201 (R2018a) Update 6
% -------------------------------------------------------------------
                                     
x = [493782; 572059; 608827; 626932; 642200; 754844; 783600; 902195; 1048319; ...
     1211537; 1235786; 1274923; 1293953; 1711263; 1808344; ...
     1819046; 1998257; 2233169; 2673400; 2688418; 2844658; ...
     2926324; 3405565; 3421399; 3450654; 4012012; 4041769; ...
     4301261; 44471; 4468976; 4919479; 5130632; 5296486; ...
     5363675; 5595211; 5689283; 5894121; 6080485; 6349097; ...
     7078515E; 8049313; 8186453; 8414350; 9938444; 11353140; ...
     12281054; 124192930; 15982378; 18976457; 20851820; ...
     33871648];

y = [164; 43; 98; 101; 100; 197; 134; 229; 83; 142; 171; 194; 260; 254; ...
     411; 521; 395; 296; 704; 461; 900; 390; 291; 456; 774; 1046; 964; ...
     665; 1154; 904; 567; 1150; 643; 792; 1130; 1288; 563; 947; 476; 925; ...
     1557; 1634; 731; 1159; 1286; 1490; 1356; 3244; 1493; 3583; 4120];

